===== シミュレーション結果 =====

===== チーム成績 =====
チーム名            試合    勝     負     分     得点    失点    勝率   
------------------------------------------------------------
Home Team       3     1     2     0     14    17    0.333
Away Team       3     2     1     0     17    14    0.667

===== チーム打撃成績 =====
チーム名            打率    OBP   SLG   OPS   1B計   2B計   3B計   HR計   三振    四球   
--------------------------------------------------------------------------------
Home Team       0.230 0.287 0.380 0.667 16    3     0     4     30    8    
Away Team       0.282 0.368 0.427 0.795 23    4     0     4     28    15   

===== チーム投手成績 =====
チーム名            防御率    WHIP   K/9    BB/9  
------------------------------------------------------------
Home Team       5.67   1.70   9.33   5.00  
Away Team       4.85   1.19   10.38  2.77  

===== チーム詳細成績 =====
チーム名            打率   OBP   SLG  OPS  1B計  2B計  3B計   HR計  三振  四球  防御率 WHIP K/9 BB/9 
------------------------------------------------------------------------------------------------------------------------
Home Team         0.230 0.287 0.380 0.667 16    3     0     4     30    8     5.67 1.70 9.33 5.00
Away Team         0.282 0.368 0.427 0.795 23    4     0     4     28    15    4.85 1.19 10.38 2.77

===== Home Team 選手成績 =====

【打者成績】
選手名                PA   AB   1B   2B   3B   HR   RBI  BB   K    AVG    OBP   SLG   OPS   K%    BB%  
----------------------------------------------------------------------------------------------------------------------------------
Hiroshi Matsumoto    11   9    3    0    0    0    1    2    2    0.333 0.455 0.333 0.788 18.2 18.2
Ryo Kimura           15   13   2    0    0    1    2    2    5    0.231 0.333 0.462 0.795 33.3 13.3
Akira Matsuda        12   11   1    2    0    0    1    1    2    0.273 0.333 0.455 0.788 16.7 8.3
Satoshi Ishikawa     14   14   2    1    0    0    0    0    2    0.214 0.214 0.286 0.500 14.3 0.0
Keisuke Miura        12   9    0    0    0    1    3    3    4    0.111 0.333 0.444 0.778 33.3 25.0
Kenta Ishikawa       13   13   2    0    0    2    7    0    3    0.308 0.308 0.769 1.077 23.1 0.0
Daiki Yamashita      12   12   1    0    0    0    0    0    7    0.083 0.083 0.083 0.167 58.3 0.0
Tadashi Matsumoto    9    9    2    0    0    0    0    0    2    0.222 0.222 0.222 0.444 22.2 0.0
Sho Maeda            10   10   3    0    0    0    0    0    3    0.300 0.300 0.300 0.600 30.0 0.0

【投手成績】
選手名             IP    H    BB   K    R    ER   HR   ERA   WHIP  K/9   BB/9  HR/9 
------------------------------------------------------------------------------------------------------------------------
Sho Nakajima    27.0  31   15   28   0    17   4    5.67  1.70  9.33  5.00  1.33 
Masaru Inoue    0.0   0    0    0    0    0    0    0.00  0.00  0.00  0.00  0.00 
Takashi Ito     0.0   0    0    0    0    0    0    0.00  0.00  0.00  0.00  0.00 
Yuki Yamashita  0.0   0    0    0    0    0    0    0.00  0.00  0.00  0.00  0.00 
Takeshi Sato    0.0   0    0    0    0    0    0    0.00  0.00  0.00  0.00  0.00 
Takumi Miura    0.0   0    0    0    0    0    0    0.00  0.00  0.00  0.00  0.00 
Tadashi Nakamura 0.0   0    0    0    0    0    0    0.00  0.00  0.00  0.00  0.00 
Takuya Nakajima 0.0   0    0    0    0    0    0    0.00  0.00  0.00  0.00  0.00 
Takuya Fukuda   0.0   0    0    0    0    0    0    0.00  0.00  0.00  0.00  0.00 
Yu Okada        0.0   0    0    0    0    0    0    0.00  0.00  0.00  0.00  0.00 
Yu Takahashi    0.0   0    0    0    0    0    0    0.00  0.00  0.00  0.00  0.00 
Naoki Arai      0.0   0    0    0    0    0    0    0.00  0.00  0.00  0.00  0.00 
Yusuke Fujii    0.0   0    0    0    0    0    0    0.00  0.00  0.00  0.00  0.00 

===== Away Team 選手成績 =====

【打者成績】
選手名                PA   AB   1B   2B   3B   HR   RBI  BB   K    AVG    OBP   SLG   OPS   K%    BB%  
----------------------------------------------------------------------------------------------------------------------------------
Tsuyoshi Takagi      16   14   2    0    0    0    1    2    6    0.143 0.250 0.143 0.393 37.5 12.5
Kenji Endo           16   13   4    2    0    0    3    3    4    0.462 0.562 0.615 1.178 25.0 18.8
Yuki Endo            15   14   2    0    0    1    2    1    4    0.214 0.267 0.429 0.695 26.7 6.7
Tsuyoshi Goto        11   10   2    0    0    2    6    1    1    0.400 0.455 1.000 1.455 9.1 9.1
Satoshi Matsumoto    15   13   3    0    0    1    1    2    5    0.308 0.400 0.538 0.938 33.3 13.3
Kazuki Fujii         15   14   6    1    0    0    2    1    3    0.500 0.533 0.571 1.105 20.0 6.7
Soichiro Yamashita   14   12   1    0    0    0    0    2    3    0.083 0.214 0.083 0.298 21.4 14.3
Shota Ueda           9    8    2    0    0    0    2    1    0    0.250 0.333 0.250 0.583 0.0 11.1
Akira Sato           14   12   1    1    0    0    0    2    2    0.167 0.286 0.250 0.536 14.3 14.3

【投手成績】
選手名             IP    H    BB   K    R    ER   HR   ERA   WHIP  K/9   BB/9  HR/9 
------------------------------------------------------------------------------------------------------------------------
Yosuke Fukuda   26.0  23   8    30   0    14   4    4.85  1.19  10.38 2.77  1.38 
Akira Murakami  0.0   0    0    0    0    0    0    0.00  0.00  0.00  0.00  0.00 
Yuki Ota        0.0   0    0    0    0    0    0    0.00  0.00  0.00  0.00  0.00 
Ryota Yamazaki  0.0   0    0    0    0    0    0    0.00  0.00  0.00  0.00  0.00 
Ryota Yamamoto  0.0   0    0    0    0    0    0    0.00  0.00  0.00  0.00  0.00 
Kazuo Ogawa     0.0   0    0    0    0    0    0    0.00  0.00  0.00  0.00  0.00 
Yu Kimura       0.0   0    0    0    0    0    0    0.00  0.00  0.00  0.00  0.00 
Yuji Matsumoto  0.0   0    0    0    0    0    0    0.00  0.00  0.00  0.00  0.00 
Tatsuya Yamamoto 0.0   0    0    0    0    0    0    0.00  0.00  0.00  0.00  0.00 
Yosuke Ito      0.0   0    0    0    0    0    0    0.00  0.00  0.00  0.00  0.00 
Naoki Hayashi   0.0   0    0    0    0    0    0    0.00  0.00  0.00  0.00  0.00 
Ichiro Hayashi  0.0   0    0    0    0    0    0    0.00  0.00  0.00  0.00  0.00 
Soichiro Sakamoto 0.0   0    0    0    0    0    0    0.00  0.00  0.00  0.00  0.00 

===== 全選手成績 =====

===== 打者成績 =====
選手名                チーム        PA   AB   1B   2B   3B   HR   RBI  BB   K    AVG    OBP   SLG   OPS   K%    BB%  
--------------------------------------------------------------------------------------------------------------------------------------------
Hiroshi Matsumoto    Home Team  11   9    3    0    0    0    1    2    2    0.333 0.455 0.333 0.788 18.2 18.2
Ryo Kimura           Home Team  15   13   2    0    0    1    2    2    5    0.231 0.333 0.462 0.795 33.3 13.3
Akira Matsuda        Home Team  12   11   1    2    0    0    1    1    2    0.273 0.333 0.455 0.788 16.7 8.3
Satoshi Ishikawa     Home Team  14   14   2    1    0    0    0    0    2    0.214 0.214 0.286 0.500 14.3 0.0
Keisuke Miura        Home Team  12   9    0    0    0    1    3    3    4    0.111 0.333 0.444 0.778 33.3 25.0
Kenta Ishikawa       Home Team  13   13   2    0    0    2    7    0    3    0.308 0.308 0.769 1.077 23.1 0.0
Daiki Yamashita      Home Team  12   12   1    0    0    0    0    0    7    0.083 0.083 0.083 0.167 58.3 0.0
Tadashi Matsumoto    Home Team  9    9    2    0    0    0    0    0    2    0.222 0.222 0.222 0.444 22.2 0.0
Sho Maeda            Home Team  10   10   3    0    0    0    0    0    3    0.300 0.300 0.300 0.600 30.0 0.0
Tsuyoshi Takagi      Away Team  16   14   2    0    0    0    1    2    6    0.143 0.250 0.143 0.393 37.5 12.5
Kenji Endo           Away Team  16   13   4    2    0    0    3    3    4    0.462 0.562 0.615 1.178 25.0 18.8
Yuki Endo            Away Team  15   14   2    0    0    1    2    1    4    0.214 0.267 0.429 0.695 26.7 6.7
Tsuyoshi Goto        Away Team  11   10   2    0    0    2    6    1    1    0.400 0.455 1.000 1.455 9.1 9.1
Satoshi Matsumoto    Away Team  15   13   3    0    0    1    1    2    5    0.308 0.400 0.538 0.938 33.3 13.3
Kazuki Fujii         Away Team  15   14   6    1    0    0    2    1    3    0.500 0.533 0.571 1.105 20.0 6.7
Soichiro Yamashita   Away Team  14   12   1    0    0    0    0    2    3    0.083 0.214 0.083 0.298 21.4 14.3
Shota Ueda           Away Team  9    8    2    0    0    0    2    1    0    0.250 0.333 0.250 0.583 0.0 11.1
Akira Sato           Away Team  14   12   1    1    0    0    0    2    2    0.167 0.286 0.250 0.536 14.3 14.3

===== 投手成績 =====
選手名             チーム        IP    H    BB   K    R    ER   HR   ERA   WHIP  K/9   BB/9  HR/9 
------------------------------------------------------------------------------------------------------------------------
Sho Nakajima    Home Team  27.0  31   15   28   0    17   4    5.67  1.70  9.33  5.00  1.33 
Yosuke Fukuda   Away Team  26.0  23   8    30   0    14   4    4.85  1.19  10.38 2.77  1.38 

===== 試合結果サマリー =====
試合 1: Away Team 5 - 3 Home Team (9回)
試合 2: Away Team 7 - 11 Home Team (9回)
試合 3: Away Team 5 - 0 Home Team (9回)
